124, 0, 0, 0, 5, 0, 0, 0, 5, 0, 0, 0, 1, 0, 32, 0,
0, 0, 0, 0, 0, 0, 0, 0, 0, 0, 0, 0, 0, 0, 0, 0,
0, 0, 0, 0, 0, 0, 0, 0, 0, 0, 0, 0, 0, 0, 0, 0,
0, 0, 0, 0, 0, 0, 0, 255, 32, 110, 105, 87, 0, 0, 0, 0,
0, 0, 0, 0, 0, 0, 0, 0, 0, 0, 0, 0, 0, 0, 0, 0,
0, 0, 0, 0, 0, 0, 0, 0, 0, 0, 0, 0, 0, 0, 0, 0,
0, 0, 0, 0, 0, 0, 0, 0, 0, 0, 0, 0, 4, 0, 0, 0,
0, 0, 0, 0, 0, 0, 0, 0, 0, 0, 0, 0, 32, 38, 145, 192,
38, 65, 111, 158, 46, 73, 68, 107, 50, 73, 50, 92, 55, 79, 55, 100,
31, 46, 139, 190, 41, 76, 100, 152, 49, 81, 60, 110, 53, 83, 53, 108,
60, 91, 60, 118, 32, 59, 131, 187, 44, 86, 89, 150, 51, 89, 56, 121,
57, 95, 57, 127, 63, 103, 63, 139, 35, 71, 122, 186, 46, 95, 76, 150,
52, 99, 54, 136, 59, 105, 59, 146, 65, 113, 65, 156, 37, 86, 109, 184,
46, 103, 63, 155, 52, 107, 53, 152, 60, 114, 60, 162, 68, 123, 68, 174,